22 51
10 49
4 4
0 4 9 12 35 39 47 52
5 8 14 16 31 33 40 45
5 5 5 5 5 5 5 5 5 5 5 5 5 5 5 5 5 5 5 5 5 5
5 5 5 5 5 5 5 5 5 5 5 5 5 5 5 5 5 5 5 5 5 5
5 5 5 5 5 5 5 5 5 5 5 5 5 5 5 5 5 5 5 5 5 5
5 5 5 5 5 5 5 5 5 5 5 5 5 5 5 5 5 5 5 5 5 5
8 8 8 8 8 8 8 8 8 8 8 8 8 8 8 8 8 8 8 8 8 8
16 16 16 16 16 16 16 16 16 16 16 16 16 16 16 16 16 16 16 16 16 16
15 16 15 16 15 16 15 16 15 16 15 16 15 16 15 16 15 16 15 16 15 16
16 16 16 16 16 16 16 16 16 16 16 16 16 16 16 16 16 16 16 16 16 16
8 8 8 8 8 8 8 8 8 8 8 8 8 8 8 8 8 8 8 8 8 8
5 5 5 5 5 5 5 5 5 5 5 5 5 5 5 5 5 5 5 5 5 5
5 5 5 5 5 5 5 5 5 5 5 5 5 5 5 5 5 5 5 5 5 5
5 5 5 5 5 5 5 5 5 5 5 5 5 5 5 5 5 5 5 5 5 5
8 8 8 8 8 8 8 8 8 8 8 8 8 8 8 8 8 8 8 8 8 8
8 8 8 8 8 8 8 8 8 8 8 8 8 8 8 8 8 8 8 8 8 8
19 19 19 19 19 19 19 19 19 19 19 19 19 19 19 19 19 19 19 19 19 19
19 19 19 19 19 19 19 19 19 19 19 19 19 19 19 19 19 19 19 19 19 19
19 19 19 19 19 19 19 19 19 19 19 19 19 19 19 19 19 19 19 19 19 19
19 19 19 18 18 14 18 19 19 19 19 19 19 19 19 18 18 14 18 19 19 19
19 19 19 18 18 14 18 19 19 19 19 19 19 19 19 18 18 14 18 19 19 19
19 19 19 18 18 14 18 19 19 19 19 19 19 19 19 18 18 14 18 19 19 19
19 19 19 18 18 14 18 19 19 19 19 19 19 19 19 18 18 14 18 19 19 19
19 19 19 18 18 14 18 19 19 19 19 19 19 19 19 18 18 14 18 19 19 19
19 19 19 19 19 19 19 19 19 19 19 19 19 19 19 19 19 19 19 19 19 19
19 19 19 19 19 19 19 19 19 19 19 19 19 19 19 19 19 19 19 19 19 19
19 19 19 19 19 19 19 19 19 19 19 19 19 19 19 19 19 19 19 19 19 19
19 19 19 18 18 14 18 19 19 19 19 19 19 19 19 18 18 14 18 19 19 19
19 19 19 18 18 14 18 19 19 19 19 19 19 19 19 18 18 14 18 19 19 19
19 19 19 18 18 14 18 19 19 19 19 19 19 19 19 18 18 14 18 19 19 19
19 19 19 12 18 14 13 19 19 19 19 19 19 19 19 12 18 14 13 19 19 19
19 19 19 12 18 14 13 19 19 19 19 19 19 19 19 12 18 14 13 19 19 19
19 19 19 19 19 19 19 19 19 19 19 19 19 19 19 19 19 19 19 19 19 19
19 19 19 19 19 19 19 19 19 19 19 19 19 19 19 19 19 19 19 19 19 19
19 19 19 19 19 19 19 19 19 19 19 19 19 19 19 19 19 19 19 19 19 19
8 8 8 8 8 8 8 8 8 8 8 8 8 8 8 8 8 8 8 8 8 8
8 8 8 8 8 8 8 8 8 8 8 8 8 8 8 8 8 8 8 8 8 8
5 5 5 5 5 5 5 5 5 5 5 5 5 5 5 5 5 5 5 5 5 5
5 5 5 5 5 5 5 5 5 5 5 5 5 5 5 5 5 5 5 5 5 5
5 5 5 5 5 5 5 5 5 5 5 5 5 5 5 5 5 5 5 5 5 5
5 5 5 5 5 5 5 5 5 5 5 5 5 5 5 5 5 5 5 5 5 5
8 8 8 8 8 8 8 8 8 8 8 8 8 8 8 8 8 8 8 8 8 8
19 19 19 19 19 19 19 19 19 19 19 19 19 19 19 19 19 19 19 19 19 19
17 17 17 17 17 17 17 17 17 17 17 17 17 17 17 17 17 17 17 17 17 17
17 17 17 17 17 17 17 17 17 17 17 17 17 17 17 17 17 17 17 17 17 17
17 17 17 17 17 17 17 17 17 17 17 17 17 17 17 17 17 17 17 17 17 17
17 17 17 17 17 17 17 17 17 17 17 17 17 17 17 17 17 17 17 17 17 17
17 17 17 17 17 17 17 17 17 17 17 17 17 17 17 17 17 17 17 17 17 17
8 8 8 8 8 8 8 8 8 8 8 8 8 8 8 8 8 8 8 8 8 8
5 5 5 7 7 5 5 5 5 5 5 5 5 5 5 5 5 5 5 5 5 5
5 5 5 7 7 5 5 5 5 5 5 5 5 5 5 5 5 5 5 5 5 5
5 5 5 7 7 5 5 5 5 5 5 5 5 5 5 5 5 5 5 5 5 5
5 5 5 7 7 5 5 5 5 5 5 5 5 5 5 5 5 5 5 5 5 5
5 5 5 7 7 5 5 5 5 5 5 5 5 5 5 5 5 5 5 5 5 5