22 12
3 10
1 1
2 22
2 22
9 9 9 9 9 9 9 9 9 9 9 9 9 9 8 8 8 9 9 9 9 9
9 9 11 9 9 9 9 9 9 9 9 9 9 9 9 8 9 9 9 9 9 9
9 10 10 10 9 9 9 9 9 9 9 9 9 9 9 9 8 9 9 9 9 9
9 9 10 11 9 9 9 9 9 9 9 9 9 9 9 9 9 8 8 9 9 9
9 9 9 9 9 9 9 9 9 9 9 9 9 9 8 8 8 9 9 9 9 9
9 9 9 9 9 9 9 9 9 8 8 8 8 8 8 8 9 9 9 9 9 9
8 9 9 9 9 8 8 8 8 8 8 8 9 9 9 9 9 9 10 9 9 9
8 8 9 9 8 8 8 8 9 9 9 9 9 9 9 9 9 9 9 9 9 9
8 8 8 8 8 8 9 9 9 9 9 9 9 9 9 9 9 9 9 9 9 9
8 8 10 8 8 8 8 9 9 9 9 9 9 9 9 9 9 9 9 9 9 9
8 8 8 8 8 8 9 9 9 9 9 9 9 9 9 9 10 10 9 9 9 9
8 8 8 8 8 10 8 8 9 9 9 9 9 9 9 9 9 9 9 9 9 9
