22 22
10 20
3 2
0 3 11 14 20 22
5 9 16 18
5 5 5 5 5 5 5 5 5 5 5 5 5 5 5 5 5 5 5 5 5 5
5 5 5 5 5 5 5 5 5 5 5 5 5 5 5 5 5 5 5 5 5 5
5 5 5 5 5 5 5 5 5 5 5 5 5 5 5 5 5 5 5 5 5 5
8 8 8 8 8 8 8 8 8 8 8 8 8 8 8 8 8 8 8 8 8 8
16 16 16 16 16 16 16 16 16 16 16 16 16 16 16 16 16 16 16 16 16 16
16 16 16 16 16 16 16 16 16 16 16 16 16 16 16 16 16 16 16 16 16 16
15 16 15 16 15 16 15 16 15 16 15 16 15 16 15 16 15 16 15 16 15 16
16 16 16 16 16 16 16 16 16 16 16 16 16 16 16 16 16 16 16 16 16 16
16 16 16 16 16 16 16 16 16 16 16 16 16 16 16 16 16 16 16 16 16 16
8 8 8 8 8 8 8 8 8 8 8 8 8 8 8 8 8 8 8 8 8 8
5 5 5 5 5 5 5 5 5 5 5 5 5 5 5 5 5 5 5 5 5 5
5 5 5 5 5 5 5 5 5 5 5 5 5 5 5 5 5 5 5 5 5 5
5 5 5 5 5 5 5 5 5 5 5 5 5 5 5 5 5 5 5 5 5 5
5 5 5 7 7 5 5 5 5 5 5 5 5 5 5 5 5 5 5 5 5 5
8 8 8 8 8 8 8 8 8 8 8 8 8 8 8 8 8 8 8 8 8 8
16 16 16 16 16 16 16 16 16 16 16 16 16 16 16 16 16 16 16 16 16 16
15 16 15 16 15 16 15 16 15 16 15 16 15 16 15 16 15 16 15 16 15 16
16 16 16 16 16 16 16 16 16 16 16 16 16 16 16 16 16 16 16 16 16 16
8 8 8 8 8 8 8 8 8 8 8 8 8 8 8 8 8 8 8 8 8 8
5 7 5 7 5 5 5 5 5 5 5 5 5 5 5 5 5 5 6 5 5 5
5 5 5 5 5 5 5 5 5 5 5 5 5 5 5 5 5 5 5 5 5 5
5 5 5 7 7 5 5 5 5 5 5 5 5 5 5 5 5 5 5 5 5 5
